11
1 1
2 2
3 2
4 3
5 2
6 4
7 5
8 5
9 3
10 2
11 1
12 6
13 4
14 6
15 4
16 3
17 7
18 6
19 8
20 7
21 5
22 5
23 3
24 1
25 1
26 6
27 7
28 1
29 8
30 8
31 6
32 4
33 1
34 8
35 8
36 6
37 1
38 6
39 4
40 2
41 3
42 8
43 6
44 8
45 1
46 5
47 4
48 9
49 10
50 1
51 5
52 2
53 10
54 6
55 8
56 7
57 11
58 10
59 7
60 4
61 6
62 7
63 2
64 2
65 7
66 7
67 10
68 5
69 1
70 7
71 2
72 2
73 10
74 2
75 7
76 7
77 5
78 5
79 8
80 3
81 2
82 3
83 10
84 2
85 6
86 1
87 1
88 10
89 1
90 1
91 3
92 8
93 3
94 8
95 7
96 7
97 2
98 2
99 4
100 4
101 8
102 2
103 1
104 3
105 1
106 4
107 2
108 5
109 1
110 10
111 5
112 2
113 7
114 10
115 3
 0.418593604049 0.418593604049 0.418593604049 0.418593604049 0.418593604049 0.418593604049 0.418593604049 0.418593604049 0.418593604049 0.418593604049 0.418593604049 0.418593604049 0.418593604049 0.418593604049 0.418593604049 0.418593604049 0.418593604049 0.418593604049 0.418593604049 0.418593604049 0.418593604049 0.418593604049 0.418593604049 0.418593604049 0.418915610388 0.418915610388 0.418915610388 0.418915610388 0.419258906403 0.419258906403 0.426589207731 0.426589207731 0.426589207731 0.426589207731 0.426589207731 0.426589207731 0.426589207731 0.426589207731 0.426589207731 0.43750415814 0.43750415814 0.43750415814 0.43750415814 0.43750415814 0.43750415814 0.43750415814 0.43750415814 0.43750415814 0.43750415814 0.43750415814 0.43750415814 0.43750415814 0.43750415814 0.43750415814 0.43750415814 0.43750415814 0.43750415814 0.43750415814 0.43750415814 0.43750415814 0.43750415814 0.443730057562 0.449306621887 0.449306621887 0.449306621887 0.449306621887 0.449306621887 0.449306621887 0.449306621887 0.449306621887 0.449306621887 0.449306621887 0.449306621887 0.449306621887 0.449306621887 0.449306621887 0.449306621887 0.449306621887 0.449306621887 0.449306621887 0.449306621887 0.451918598926 0.451918598926 0.454551865641 0.454551865641 0.454551865641 0.454551865641 0.45553252131 0.45553252131 0.45553252131 0.45553252131 0.45553252131 0.45553252131 0.45553252131 0.45553252131 0.45553252131 0.45553252131 0.45553252131 0.45553252131 0.45553252131 0.45553252131 0.45553252131 0.45553252131 0.45553252131 0.45553252131 0.460411848769 0.460411848769 0.460411848769 0.460411848769 0.460411848769 0.460411848769 0.466263848268 0.466263848268 0.466263848268 0.466263848268 0.466263848268 0.466263848268 0.466263848268 0.466263848268 0.466263848268 0.466263848268 0.466263848268 0.466263848268 0.466263848268 0.466263848268 0.466263848268 0.472774497098 0.472774497098 0.472774497098 0.472774497098 0.472774497098 0.472774497098 0.472774497098 0.472774497098 0.472774497098 0.472774497098 0.472774497098 0.472774497098 0.474327312791 0.474327312791 0.474327312791 0.474327312791 0.474327312791 0.474327312791 0.474327312791 0.474327312791 0.474327312791 0.474327312791 0.474327312791 0.474327312791 0.474327312791 0.474327312791 0.474327312791 0.474327312791 0.474327312791 0.474327312791 0.475027210866 0.475027210866 0.475027210866 0.475027210866 0.475027210866 0.475027210866 0.475027210866 0.475027210866 0.475027210866 0.475027210866 0.475027210866 0.475027210866 0.475027210866 0.475027210866 0.475027210866 0.475027210866 0.475027210866 0.475027210866 0.475027210866 0.475027210866 0.475027210866 0.475027210866 0.475027210866 0.475027210866 0.475027210866 0.475027210866 0.475027210866 0.475027210866 0.475027210866 0.475027210866 0.475027210866 0.475027210866 0.475027210866 0.475027210866 0.475027210866 0.475027210866 0.475027210866 0.475027210866 0.475625982984 0.475625982984 0.475625982984 0.475625982984 0.482869795007 0.482869795007
 11 11 11 11 11 11 11 11 11 11 11 11 11 11 11 11 11 11 11 11 11 11 11 11 11 11 11 11 11 11 11 11 11 11 11 11 11 11 11 11 11 11 11 11 11 11 11 11 11 11 11 11 11 11 11 11 11 11 11 11 11 11 11 11 11 11 11 11 11 11 11 11 11 11 11 11 11 11 11 11 11 11 11 11 11 11 11 11 11 11 11 11 11 11 11 11 11 11 11 11 11 11 11 11 11 11 11 11 11 11 11 11 11 11 11 11 11 11 11 11 11 11 11 11 11 11 11 11 11 11 11 11 11 11 11 11 11 11 11 11 11 11 11 11 11 11 11 11 11 11 11 11 11 11 11 11 11 11 11 11 11 11 11 11 11 11 11 11 11 11 11 11 11 11 11 11 11 11 11 11 11 11 11 11 11 11 11 11 11 11 11 11 11 11 11 11 11 11 11 11