1,2000-10-13,titlu1,100.0
115,424,295,48,352,69,85,439,243,161,135,266,223,67,36,367,151,388,59,216,94,124,318,188,379,131,347,268,134,77,70,1,63,484,61,43,409,14,6,449,60,259,232,12,378,329,389,289,233
4900.0

2,2000-10-14,titlu2,200.0
168,4,141,483,204,434,371,386,205,104,369,453,312,430,293,324,224,166,355,365,399,222,363,110,348,79,477,325,341,78,362,358,30,36,60,231,149,124,347,211,333,1,307,33,405,137,431,167,482,278,489,84,70,318,484,250,236,113,301,260,465,361,340,354,219,195
13200.0

3,2000-11-13,titlu3,150.0
259,271,344,123,500,498,263,335,179,52,450,489,307,277,241,158,83,39,161,103,208,377,393,160,102,481,459,302,169,469,96,172,199,117,355,145,363,136,415,140,406,385,97,256,77,373
6900.0

