8 8668
-19 950
5 52
9 4096
-16 5340
-8 3969
13 3478
-11 221
10 209
16 9469
4 7341
13 5575
12 9250
-2 4953
-4 2940
13 1391
-2 4601
1 2699
18 7147
13 5003
14 1323
3 5650
3 7623
11 2386
-19 7446
3 4697
3 9781
-16 3040
10 3962
15 3068
14 23
-15 4872
-11 5598
12 1776
15 2366
11 9310
-19 5666
-9 2554
5 7984
-19 9311
6 836
11 7241
-18 9776
14 5477
-2 4132
9 5054
18 6503
-14 7976
-9 6974
-5 1702
-2 3277
-5 3318
7 4354
-19 8814
6 1639
-5 5093
13 6574
-4 2084
-17 700
-13 3906
4 1724
-18 7237
18 5296
-11 6037
11 1180
19 1276
7 5944
