6 762
12 9267
-11 645
-1 7372
-18 3377
-15 8532
-18 8535
-16 7938
-6 8558
13 7903
-7 2315
-19 2234
5 7695
-8 207
-16 8822
17 5102
-13 5259
-15 2857
-2 5151
2 1060
-13 4866
-12 3633
-14 9824
-7 8143
4 9097
-11 7183
6 2429
-5 2818
18 6904
-17 9926
-9 9314
-16 6192
-7 6791
-11 2153
-5 334
-11 9790
18 7128
1 3632
18 6942
3 3753
-4 5748
-7 4690
5 2882
-17 1580
1 5523
-7 5340
-7 8260
-15 9090
9 9150
-14 6980
15 2236
-14 2482
13 6817
-19 9229
4 2159
-3 1038
13 5412
10 4727
-10 8922
-14 5474
-2 9934
-3 7474
19 9609
13 5901
7 2587
19 3258
-4 4872
-13 1715
