-7 6360
5 5493
-11 966
-17 9563
1 1803
-6 6151
17 1468
-4 2887
-18 5405
16 1776
-15 5608
12 6651
-2 6287
-7 5700
-3 4531
-10 1585
-6 2713
-12 1080
5 7051
19 4655
2 8505
18 3988
-2 8061
11 1974
5 8270
3 5507
19 6957
-16 6003
-7 6951
4 6488
14 7817
-13 6884
3 1702
10 1075
17 5596
-14 327
17 6600
-3 7660
-12 5105
-11 6910
15 3193
-3 8374
4 2015
5 172
2 2413
15 766
10 7667
19 3411
-14 5832
6 7794
7 1911
-12 7525
12 6792
16 4760
18 779
-19 4820
5 4411
16 4327
-8 8198
-15 6152
-13 5966
-14 3246
-17 3541
16 1272
-18 5669
13 6931
-4 9262
8 4783
8 340
19 507
19 5355
19 2566
18 4983
4 7474
4 9926
8 6085
-16 3779
-17 9608
