-2 8261
-2 1291
-3 6550
-19 4486
5 8495
7 2745
10 5322
2 588
12 1389
10 4469
-5 2715
-11 6098
-19 1772
-15 8940
-11 2568
-18 5325
1 8323
-1 4547
18 37
-5 6982
-2 8728
13 1939
-14 1589
-2 2496
14 2664
-9 5150
-19 547
-13 1737
11 8566
-18 9513
14 3976
-19 6046
-14 3867
-2 8062
-9 4961
7 2369
-8 5575
19 2645
1 628
3 7972
-10 4767
-8 7758
-11 4430
-18 2970
19 7011
12 5416
-15 4118
-16 5261
5 6398
-2 1904
-15 9381
-8 4904
13 3375
-16 9695
-1 5555
7 7543
-12 9087
-2 376
-2 2387
-17 8922
11 1411
-15 6913
7 9271
-14 5078
-14 386
9 6031
6 916
-12 5276
-12 3232
-11 4092
9 9888
-13 3624
-11 7607
13 6315
12 6851
-9 6583
-17 9129
